$ANSIBLE_VAULT;1.1;AES256
32633033626336666232303332306537653334363432643339303238376364336265646233643231
3239396334633439626134326332363334666565666165640a626131663561343535313234366630
65656264316461636664626362643837633534643734363034313966643762616433333364303565
6437303635653835310a376330376635306432613765363630383939313838643765326439353466
32663461356536313738343962396234393736616134366233343261613032626432376634336331
38653833326135383930643965326630343462353633366333373865663031653161366361623830
33343932363765393665373130626136346335633735623065643934323633383039623934326531
37343039353862373862303639383331393331326563653263303730343134383533396539326638
33376238333438633233636436373463643635303033343838306437646337393436313034653030
39366137623062333633626132393738636334396135366433393030363636336635383037363631
39626534636264346139653038613966383164626365313763323933633335346330346130626537
32333938643961623137643363336136616333626234613031373461396232346163653564326165
65613365393635653437373465333130376565636334326630643030616462623736633230636662
30333133666134343134343335633732353934393334346161336365363061623061376231333934
36353734366265623930353362633134396431326536326534383361663764316538313561653332
33326535393039393363353766643866646638616132336363383331373732326164633739663962
30646363353735633036353736386363346262656632393565626364306566386334616433633665
36666165336264333363363034323166646662663439393839323830396138303833633231343735
34333438383239353732396363323033396338623766666162646661666633376131656262366335
62666536333464373663313431386638633830633430386139616336653763326538656564363063
37383932666366366461663164333536366332613133633736303333346365656235653863336130
37366236626235306138646463656435393336323939303039353030653831386132356633386162
62303936396662613635633032383938363164396261356332346638653330303466363465313435
63643838616236653861626135373838313462353365393836666537303435653934366562316432
38303834636135353265636230306535396666656266386333663132626235386430653833656163
31653062326636376366343435346663373132376466396166616134353565663366393662646434
38653635383531636164626238653361323262313630356435323239633563303431633832633766
36373637333834356564643236323236313131653337623132643366653831373665373733326138
66353065336463323336653330356531613938346533303933313362666533333432633734626536
31666232626538656665646134626231343961386336643039623233653766613362326434666639
39353765646535376238313566356331306266363138636238386163313364323565356165363238
31343734613661323134336637643964623538353530346664373232323765303834623563313965
61393138316564633935373164626666376131383032393038393264333039623936643339376434
32646364643665343432666238323132316466363635346365636638343235623939646131316566
30343161663139343137363733656338613333633838383536666634386535323063323361373762
66326139343965393434336666376166653439653361366464346439396639666331306535646664
63643337656266656230646239363063643764373230323031343261653333633434666631613337
39633233633932343638383832346439316364663833373864346162346561383466656164353631
33373436396232303166393833336630663764356434656230346331346430393364616439343535
36353034623236663664396233336165336366613834333336663334366637616264333231613930
30616463663063396131363639346337653734623566353538336236636365663935623033366532
31646232666362343735613366346534643038663966643435393263346234373430366436353135
32326536613265663637653963626163336531373939623532646537303133653638356663326133
61333937346634373565323134656261383636316435646363353766653434663862323239393763
30623534633030343436393366333535376339306533343961323461316433383564376232633039
63306466333437363262383961386133376132393564653233656462323134666332353032356138
64663962393061643739353633626136383365613063366166613537653538386465366139396335
32373934373164623161333761373632363564666361623438303333313463303434376365306136
33333961303430363235656364323338396635636464386134353430633037363033656366373138
39333634336632373439366461386630356639353632313430613337636364383965333038303063
64363933373932313866383637343662343630363830386164323632316431383634383432303961
36326232613138313937383966303237356534313663393634383334323135396638383535333931
63313734343336383336393134623139373436396230373164333963336463643232323763643465
66306664633032303165623063313362303434393863346666356433626339653364633163316165
66396530303864313636376232303161663130383630396365316665323764353362633865306266
66356363303963353331343930653562643965636539626431303831386665376662336661356239
33303631666532663137613765326466316631626564636230636161613532666431636333663964
34623833313762663732373832363432313338343964363832323639383462643464636439393331
36316534333062316662333964303439376333663765626432653439363766313831383961326562
61383266366535353663353732346131373265646630316639393366396361636434323630323665
31613932343734666266353838333665613336613463373837303266333932343839316535626165
64623566373163626462326633313061613466656433303266356261383930343830666664383735
31333535366362333631616634313032643063353430303535363931393761393539356565393038
39383335346636643666376563376363373465663564393638393430653538663237346239313034
35303038666534313231643235366132323232326666343139386365306538343731323331643761
32613263306232633665613735613430343861626235313233643531373037636165646139303233
65616561653163313333393035373737643562303334653065386261363963333663343536346139
62653735636464623063636339643865663832613463323666356533333432373062373661353863
32333532626635343338343134393731663038613065386266643731366239613531393866653036
64613434623638313939623261373264363730313338323937333961613062333966653236396538
36656338313830313730663132643064643932656139366464633234613964626138616464623130
32313639323362393530663063333432373639396564363266383663313538653836303234356534
36663133393337663731393366646639376331326434643965326463303762656562333064356264
36613636393666653634616665353836313465656233303634666566303662656433316535363561
33666539623536643835306237373037383335313761346631653538383434613963393561386636
36323539356365393435333363623132383865666166363365626665316361333135656261386437
66646136363738343565396335386235613765323065653261313336366531333334653539343238
36363736323163333230616233663362323138363236613634363832343937373862333865646238
38363861373037353236323937623533303939393335633663643435326137306338373739666634
33313339383063303833646536653031643561356137636361363035383335656632396665393163
32653839353634643330323639333535346261373364383436646261393632346139663031313036
36653661646661303937323865333161386634343636336661386234323633613334393961623938
37306663633435386463333335653734396136626330633736623463393933653166613062363261
65333935386338633835343237633262323430623535313565666663623164393130343866323632
63666234653265313338643562303834363461393133613130356236303065343232383035643235
34643130363939333935326337646533313430333264666532316530326465663261326131393234
33616635633462343733643763626433353666343065366666336335303131396366646339663033
64313237636161346265
