$ANSIBLE_VAULT;1.1;AES256
39393035393939613734666131326637373339356138633462376361613736393166303537653037
3366393432303632353064366231373164346432356261330a336635356131663161313563343739
34343135343163613831376630346435643333356636643265636538353266663336323133333462
6437643361323836310a306463663562646237383936643035656161613031356637643065306137
30373235306465656362313134643730333364623766306666336234636462663036613030316535
61653232376564396537626639376133303235303435366635353863363032333433343961393231
62306536656231666563353837656631663939366365303437613366613762396366623633633936
30393166326465626431373233313234633965306363353561366266646164313139303338346235
34353735663964346463383839306632633938326466356566616231363836636531633037333165
32653335393236646436366434333535623765653431376561313434633337323363303239316139
39386630376366323638386663346438656464626533366430353639336465633432303233386337
38623966643238393839343332373165363239303030333465636233663537383231303762643664
37323462616531313530313233316633633439626666663030313034363265376662346434343838
33666362373938363763333963366335636438343933643238336663646438663737313330616332
37666564393333643832373739393935616661633438623031356466376130383933303032313836
31333139316235663739613237636439346161613237383066313861303532613165393833333034
39633135376332626134616263353431393736303462393432393561396237376438333363376533
63393530626239323763626331313634363162356531306137373035363034373334613238623230
32646536363835616161656466316438383834313734363766663963366362653330373766626131
32333761303164633639326430343536636463623036663137383137386333626337666639623433
33366265336630373936616131383836306530663631396162396665353833663462663034323964
64373166333234356439663934656430313364653137613335633433343335393432356638616162
33356335383039656335663939313734613137333961653839303430376633383363373037616566
31306463643338353832316663623939393236316631323861383831383530333164653561353637
36323636336432376363623236306230646235646433363733616635633661623136386330346136
30343166616434653931653232343332316635643134353434396234323333326636363732343166
61386161363633623633626639363663623832333462653863626265663432643764633066663735
37366663303432323335336361373066316335356538666434626366663934623335343365386361
62306533326232353962306639363162656435303735303963343336313639313132386538653437
35663765663132666137313136353233326564643266643361626661353133656635313030656136
36363362386161363162393238666535313164336363333937306662616136313466646638636464
34613761316237393762653232636537333733646530613162656665306663323536313862366439
30383036313138613964633230316139623338616566393430656162666364646433636565343131
38373463316234393031616431663033363537653230396330613264656466303662323963653130
39363730633262656435363238393137353366313563663130376366306432633034663331613432
34343535396365353265326462313530343662376537393839373265313335373437326633393236
33363835373039656438336463643838303932333433303766653363373861663339376338303839
61383431303766313933633232383336393662623864306466323232633961306661663062646439
36633335316137346165323662333937363739663765333436656461343430653039653138613234
39306165613836646430363661376266643632363839393031326432353232346635633131656266
32306465613033316236356661373134343036323561623532636531313636373938643631303938
31636662396564643234313764363530306232356664393661626132616431356132366363353164
39376132313562353331373363313436613864633737363631613532313062373937656337646165
39353633326137383838633965633565343265646662623330346535346339323666646130316634
32623862646336313562373564653261366365376335633433333732366462366438396236366137
64623737336133343034346335386361363463346238366535303161353566666536336163383535
34326534343636623232623131376166356533626465623331323762623437343465343836396636
35326661316234343065306636393232623566663330626564323234333431656432393861323266
32363932326335636633313430303936363931633464383131636437633164316564353634373738
34303634336566626534393936343638316465616562396162313131633961333634633739313861
61663439346563613862396333363530623366643831333032366561666538643338636265393132
39616232326138306338373939323138376433303833383839336137323830646438386134646335
31626435366362316530663137336165356135656262653066373763393862343032316131313161
64323438363166623563333062353733316461343939643033363936643234663639643132323139
63386638353930363036336636323132383865313762353536313737353061653766613033656237
30396135366530643038623538636366353133326132356636353137343462393161353866393032
38303565363063643765366263383332376464303062343036663666336165383335396663636462
66383131366261323037373734383333653133353162663937366538643834393839616237326532
63316263323263356136656338363733633063303562313231663736616265643963343033346363
65363239343932663534316438343863643261616139366435333732643137616461333364623164
36636239313735616532343239306264333531643332363764333765633035643033666664626465
33376465363736666635396461633338643531373938346536623366666465316130343531363233
38616235616635663638316239646632613763626138643231623033653038363266333735633230
36613238306130323366636133386238653830313162663836386231623237306332343932316666
36613235623963666234306431633962373863633637313537383032333237313063636663336561
66656333643231363262613165653261383738393735326432643564386339323165363330666230
31306134373938653663366432396165356263623239373163613435633063356330626634663665
61646335636232333131663638383237323965333435333636623233663862346533316164306333
32393564613939373130623436363866613562633536393430366136376439313366323433616264
30326533623861336636346536613431663664386662396534376239343766333036653737373961
65333137303333616536383938383132653533366233333362336638333339623436346162353332
33363737633764353230376334386532636635613534646564316239656162623361656537663461
30663463316437303735616534373339313432366636363665346561633239633061616466393936
64613133666165383238633030643235376138353365353564343364636364336230626533396339
38643966623934646237383930306666656564623837376631656339323135623035623265653465
64663038336436346234623338376532616633313631666334643238363637316563356631363730
63353336613837383539633330356539346234376261333139333534303833316266626466323536
34366231323562396139363838376233326336323064636633386461663565316433303263633037
36376666616334623464633137626334633562346534633335383635653138333739363266383934
30333336323239356266373734616130643936336666643439376336323763383638393531613239
63653339326630663261666264336366383561376135396138313764333364393534316137303661
66613534356231613635343730316437643336353030383166323537346231613366373734316439
66386666643466653336366464343933366137373337376662323334356662626636396533613963
36393339346333626637336463333735313966623564643237646131326130343265616530396630
31653564636234663430383264323932616236663332376634343331336331666439613962623737
64653663326134643831613463343164393934613838323238616639346239326266313661313366
38366633626334303162323434616564383964643938326630383836663238623461366635396433
63326430623731326637
